CRUZADO_NOVO = 0.00000036363636363636
CRUZEIRO = 0.00000036363636363636
CRUZEIRO_REAL = 0.0003636363636363636